1961
3116
4187
4515
5656
6201
7951
8328
8504
8855
12239
13239
16099
19002
19149
20520
20639
21239
22252
22872
23503
25354
25743
29834
29952
30831
31235
34115
34285
34956
38079
38984
42136
57055
58592
58822
59860
61398
63330
64463
65770
66649
72170
72316
72444
73887
75208
75439
75488
76321
77159
77281
78311
81157
81318
86115
90721
90896
93205
93314
93631
94784
96289
96699
96885
97148
98222
98618
99106
101538
101594
102109
102198
106455
109657
225211
278041
278165
310056
312065
314227
314606
315449
315545
316300
316736
317788
317889
318306
319016
319156
319458
319671
320017
320575
350403
350644
351817
352747
352998
355766
356292
356590
357001
357097
357108
700815
704366
704384
704562
707511
708717
708819
708821
711665
714256
715446
719274
720154
720762
723269
724571
725363
725394
725876
726435
727273
727346
727634
727672
728385
731245
731657
733337
737207
738214
739878
740726
741815
744218
744452
745543
746631
746967
748592
748790
749647
752634
752902
753048
753050
753772
754813
758743
763950
764195
764839
764897
766504
767884
768710
771266
771950
772320
773318
773717
774937
776008
778164
782842
783284
786947
788340
788611
789879
790066
790652
791908
792161
792935
793171
793306
794107
795255
795618
795800
796764
797542
797564
798081
798528
798949
799235
799694
802724
803044
803647
805305
805326
806592
806888
808015
808047
810509
811212
811240
811522
811779
812149
812152
813639
813716
813781
814286
814904
819926
820380
820600
820608
820771
820901
822411
822746
823546
825171
825322
826253
826683
827809
827871
827876
828878
829323
829325
830483
830656
830741
830748
831355
831489
832489
835662
835887
836564
836809
836937
837852
838796
839087
839441
839470
840264
840551
843212
844143
844161
844788
844856
844887
844985
845289
845385
846475
847015
847416
847942
849547
849636
849997
850261
851726
852570
855654
855683
855787
856984
857737
858339
859747
861838
862022
862651
862668
863061
866439
867028
867840
867963
868725
868822
869187
869487
869495
869531
870743
872912
873185
873198
874501
874792
875729
876134
876367
876378
879407
879682
879911
880242
880419
880807
880984
881524
882291
882361
882537
882873
883107
884130
884247
884504
884650
885012
885074
885322
885475
885551
886328
887150
887151
887247
887359
887396
887701
888702
888981
889428
889930
890394
890447
890543
890821
891293
891417
891482
891532
892832
892986
894158
894560
894627
894871
895464
895665
896493
896747
896842
897075
897078
899426
899460
899647
900391
900475
904896
905428
906448
907654
907686
908259
908598
910267
910569
911002
911216
912844
914139
914397
917225
918251
918387
918573
919013
919134
919175
919721
919742
919745
920317
920465
922011
922237
922247
922330
922358
922521
923168
924095
924168
924515
924805
925645
925660
925741
926617
927472
927720
927761
928659
928953
929545
930245
930803
930835
931059
931069
931336
931799
932021
932352
932699
933267
933738
933972
934445
934473
935493
937136
940332
941685
942149
942650
943119
943502
943861
944075
944480
944508
944739
945384
945828
946090
946486
946822
947121
948426
949428
949721
949858
949982
1000683
1000694
1001171
1001463
1001601
1001907
1002037
1002360
1004530
1004724
1004980
1005758
1006028
1009672
1009829
1009891
1009922
1010086
1010134
1011509
1011662
1011733
1011901
1013238
1013871
1014052
1014763
1015383
1016178
1016546
1016708
1016837
1016951
1017655
1018281
1018735
1019034
1019787
1020475
1020477
1021096
1021435
1021620
1021917
1022505
1022646
1022701
1022899
1023109
1023291
1023298
1023362
1023734
1023844
1023994
1024048
1024095
1024626
1024628
1024920
1025362
1025561
1025953
1026655
1027162
1027235
1027662
1028153
1028277
1029023
1029125
1029802
1030192
1030749
1030896
1030916
1031093
1031516
1031896
1031927
1032067
1034957
1035354
1035422
1036044
1036141
1036848
1036968
1037016
1037049
1037649
1037676
1037962
1038621
1039757
1040719
1040792
1040850
1041009
1041024
1041514
1042074
1042173
1042187
1042418
1042784
1043222
1043894
1043961
1044378
1044435
1044577
1045309
1045425
1045742
1045942
1046057
1046327
1046995
1047919
1048685
1049659
1051514
1052257
1053369
1053374
1053439
1053691
1054102
1055454
1056087
1056386
1056512
1058623
1058828
1059272
1059784
1060426
1060990
1061027
1061169
1061288
1062128
1062781
1063197
1063259
1063537
1064015
1064411
1064728
1065059
1065860
1066130
1066684
1066764
1066923
1068084
1069308
1070523
1070698
1071760
1071840
1071993
1072019
1072379
1072725
1073238
1073362
1074795
1074828
1074929
1075773
1075880
1076262
1076378
1076522
1076639
1076682
1076744
1076784
1077370
1077638
1077800
1078037
1078723
1079171
1079297
1080029
1081183
1081745
1081823
1081938
1082038
1082176
1083446
1083490
1083522
1083706
1083712
1083743
1083922
1084031
1084226
1084267
1084332
1084384
1084475
1084554
1084597
1084752
1085254
1085277
1085921
1086082
1086139
1086303
1086319
1086740
1086745
1087022
1088162
1088166
1088206
1088211
1088213
1088312
1088787
1089029
1089061
1090159
1090514
1091325
1091326
1091491
1091983
1092289
1092570
1093285
1093430
1093691
1094007
1094032
1094038
1094084
1094814
1094847
1095052
1095435
1095981
1096061
1096339
1096550
1096759
1096938
1096950
1097718
1097792
1098009
1098482
1098880
1098881
1098972
1099132
1099215
1099290
1099509
1100202
1100397
1100644
1100734
1100747
1101026
1101680
1101865
1102392
1102414
1102432
1102709
1103090
1103795
1103833
1104038
1104265
1104358
1105184
1105533
1106213
1106644
1106645
1106838
1107280
1107421
1108205
1108332
1108630
1108645
1109141
1109153
1109196
1110647
1112412
1113306
1113423
1113513
1114936
1116112
1116927
1117057
1117171
1117228
1118974
1119643
1119774
1120830
1120970
1121702
1121783
1122051
1122063
1124024
1124524
1124608
1124827
1126294
1128725
1129018
1130598
1131227
1131312
1131543
1131903
1132143
1133519
1133818
1133869
1135202
1135657
1135906
1136174
1137091
1137204
1137883
1138724
1138776
1138978
1139614
1140028
1140098
1140310
1141197
1141240
1141263
1142129
1143238
1144225
1144546
1145986
1156041
1156784
1157075
1157601
1157817
1158223
1158387
1158399
1158694
1158780
1159154
1159281
1160308
1160846
1161582
1161814
1162324
1162556
1162816
1163332
1163560
1164099
1164256
1164771
1164964
1166272
1166338
1166380
1166568
1166708
1167419
1168213
1168220
1169245
1169440
1169769
1169987
1171032
1171838
1172178
1172298
1172631
1173643
1173924
1174940
1175151
1175680
1177135
1177167
1177470
1178104
1178253
1178377
1178409
1178552
1178697
1178727
1178946
1183082
1183765
1187449
1192448
1195116
1196298
1200528
1205059
1205922
1208261
1210294
1210618
1211211
1211583
1211759
1211805
1213037
1213660
1217234
1219210
1221554
1222218
1226616
1227282
1228274
1230355
1231864
1236997
1239188
1245791
1251769
1253176
1259550
1260828
1261002
1261249
1261734
1262104
1262751
1263872
1265107
1265572
1266806
1267565
1267602
1269026
1269127
1270200
1271046
1271075
1272550
1272597
1274644
1274737
1274792
1275229
1275712
1276531
1276591
1277998
1279704
1281774
1281922
1282224
1282266
1282543
1282613
1284452
1284766
1285236
1285550
1285701
1285786
1285819
1286162
1286345
1286597
1286799
1286964
1286973
1288359
1288750
1288770
1288855
1289340
1289441
1289550
1289592
1289850
1290149
1291733
1292026
1292519
1293153
1293310
1293818
1294157
1294250
1294435
1294662
1296391
1296484
1296774
1297830
1299139
1299967
1300699
1301501
1301874
1301991
1302084
1302362
1302946
1303936
1304909
1305253
1306035
1307579
1308137
1308569
1308711
1308858
1309082
1310094
1310488
1311230
1311596
1313024
1314052
1314054
1314102
1316175
1316645
1317880
1318482
1318641
1319009
1319150
1320760
1321847
1321851
1322439
1322505
1322587
1323838
1324189
1324736
1324759
1325159
1325879
1325964
1326089
1326190
1326200
1326396
1326428
1326706
1326732
1327467
1328670
1328792
1329606
1329800
1330436
1331275
1332445
1333822
1333849
1334388
1334586
1334699
1334933
1335103
1335105
1335293
1336364
1337009
1337553
1337905
1338042
1338095
1338460
1338578
1339469
1339688
1341726
1342936
1342958
1343009
1343304
1343719
1344413
1345099
1345105
1346022
1346610
1346655
1346917
1346980
1347022
1347452
1347613
1347858
1347870
1348911
1349436
1349437
1349929
1349976
1350102
1350381
1350653
1350773
1351172
1351765
1352302
1352952
1353123
1353406
1353487
1353499
1355042
1355128
1355250
1355420
1355451
1355559
1355677
1355732
1355790
1355839
1355848
1356090
1356093
1356564
1356576
1357371
1357459
1357838
1357971
1358099
1358190
1358356
1358403
1359300
1359620
1360334
1360442
1361248
1361937
1362180
1362190
1362516
1362703
1362898
1362959
1363254
1364123
1365160
1365742
1365784
1365916
1365997
1366312
1366340
1366541
1366868
1367083
1367396
1368055
1368365
1368514
1368761
1368900
1368993
1369241
1369290
1370489
1370544
1371217
1372183
1372184
1372299
1372336
1372514
1373485
1373670
1373707
1374845
1374881
1375063
1375151
1375195
1375200
1375686
1376228
1376231
1376321
1376610
1376755
1376793
1376812
1377053
1377149
1378125
1378140
1378590
1378624
1379006
1379245
1379246
1380277
1381074
1381105
1381435
1381871
1382101
1382219
1382231
1382574
1383006
1383088
1383097
1383145
1383183
1383196
1383395
1383701
1383825
1383960
1384072
1384365
1385228
1385424
1385508
1385544
1385799
1385818
1386018
1386936
1388132
1388319
1388320
1388410
1388658
1388982
1389034
1389067
1389217
1389545
1390292
1390478
1391750
1392380
1392477
1392694
1393020
1393403
1393434
1393548
1393631
1393772
1394029
1394108
1394156
1394319
1394638
1394872
1395213
1395864
1395937
1396118
1396247
1396368
1397183
1397403
1397516
1397702
1397795
1398005
1398529
1398702
1398805
1399352
1399480
1399520
1399587
1399708
1400000
1400728
1400891
1401040
1401112
1401667
1401859
1401914
1402281
1402328
1402453
1402479
1402536
1402606
1402737
1402747
1402785
1403231
1403674
1403676
1403708
1403802
1403853
1404079
1404212
1404281
1404296
1404592
1404804
1404935
1404943
1405073
1405249
1405660
1405663
1405686
1405858
1406243
1407038
1407190
1407583
1407703
1408146
1408276
1408351
1409197
1409432
1409565
1409885
1410098
1410253
1410402
1410428
1410738
1411158
1411685
1411690
1411730
1411906
1412095
1412126
1412347
1412486
1413119
1413488
1413745
1413754
1413797
1413891
1413990
1414043
1414628
1414953
1415305
1415684
1415744
1415911
1415936
1415998
1416090
1416172
1416697
1416792
1417663
1417754
1418100
1418133
1418225
1418452
1418862
1419041
1419582
1419583
1419600
1419806
1419995
1420030
1420421
1420520
1420565
1420569
1420720
1421182
1421204
1421289
1421461
1421538
1421601
1421865
1421871
1421907
1421981
1422105
1422142
1422949
1423417
1423468
1423586
1423746
1423824
1424030
1424549
1424640
1424657
1424768
1424812
1424864
1425205
1425264
1425287
1425565
1425808
1425883
1425919
1426530
1427030
1427570
1428369
1428522
1429373
1429386
1429393
1429560
1429592
1429764
1430174
1430306
1430523
1431074
1431880
1431888
1431959
1432001
1432139
1432196
1432290
1432732
1432754
1432963
1432967
1433607
1433818
1433966
1434110
1434316
1434589
1434647
1434674
1434842
1434868
1435387
1435936
1436161
1436309
1436549
1437106
1437283
1437395
1437424
1437467
1437491
1437557
1437822
1438035
1438133
1438423
1438461
1438533
1438943
1439124
1439133
1439210
1439237
1439254
1439299
1439397
1439813
1439971
1440153
1440172
1440799
1441693
1441849
1442236
1442492
1442999
1443157
1443388
1443799
1443863
1443979
1444192
1444275
1444307
1444837
1445049
1445109
1445146
1445283
1445297
1445918
1445942
1446152
1446159
1447362
1447380
1447382
1448397
1448558
1448780
1448806
1449097
1449574
1449732
1449934
1450708
1451512
1451514
1451654
1451797
1451809
1451929
1451951
1452176
1452476
1452804
1453001
1453015
1453099
1453122
1453420
1453593
1453687
1454007
1454010
1454124
1454725
1454789
1455380
1455768
1455886
1455926
1456787
1457612
1458868
1459266
1459697
1459839
1460198
1460602
1460702
1461993
1462047
1462506
1463101
1463208
1463471
1463729
1463959
1463972
1464165
1464300
1464623
1464766
1464865
1465470
1465509
1467154
1467761
1467913
1468679
1468748
1468780
1468929
1469166
1469443
1470022
1470550
1470592
1470719
1470915
1471002
1471261
1471727
1471968
1472343
1472468
1472601
1472619
1472847
1472862
1472998
1473490
1473579
1473591
1473597
1473637
1473654
1474167
1474627
1474835
1475065
1475273
1475430
1475899
1476170
1476638
1476719
1476963
1477009
1477032
1477156
1477168
1477472
1477598
1477845
1478069
1478535
1478682
1478725
1479000
1479290
1479419
1479426
1479488
1480058
1481218
1481241
1481427
1481512
1482361
1482541
1483405
1483496
1483646
1483752
1483935
1484457
1484565
1484931
1485003
1485156
1485922
1486597
1487091
1487197
1487198
1487347
1487439
1487522
1487659
1487782
1487839
1487843
1487906
1487920
1488039
1488309
1488934
1489137
1489353
1489588
1489744
1489902
1490161
1490412
1490490
1490630
1490700
1490873
1491419
1491487
1491525
1491829
1492052
1492151
1492422
1492426
1492448
1492541
1492617
1492674
1492683
1493040
1493526
1493712
1493893
1494214
1494448
1494582
1495191
1495231
1495479
1495536
1495850
1495932
1496371
1496383
1496741
1497074
1497120
1497130
1497165
1497316
1497504
1497572
1497632
1497649
1498046
1498067
1498122
1498382
1498576
1499274
1499275
1499717
1499735
1499780
1499871
1499961
1500122
1500123
1500242
1500366
1501112
1501432
1501489
1501845
1501972
1502034
1502152
1502154
1502772
1502774
1502777
1502966
1503518
1503636
1504167
1504222
1504239
1504389
1504678
1504747
1504795
1504937
1505124
1505497
1505512
1505611
1506251
1506270
1506492
1506522
1506742
1506814
1506928
1506983
1507154
1507605
1507957
1507964
1508348
1508381
1509223
1509261
1509351
1509589
1509745
1509786
1509879
1510247
1510487
1510518
1510524
1510775
1510832
1510964
1511261
1511735
1512077
1512138
1512228
1512499
1512922
1513157
1513525
1513761
1513856
1513965
1514183
1514226
1514341
1514418
1514597
1514682
1514732
1514888
1514946
1515114
1515115
1515635
1515740
1515768
1515816
1516079
1516479
1516559
1516805
1516887
1517248
1517342
1517498
1517681
1517709
1517990
1517992
1518380
1518487
1518548
1518749
1518913
1519534
1520108
1520321
1520358
1520512
1520528
1520592
1520668
1521013
1521065
1521222
1521549
1522165
1522236
1522538
1522602
1522724
1522767
1522787
1523855
1525852
1526119
1526183
1526543
1526689
1526726
1526796
1527027
1527349
1527355
1527613
1527675
1527728
1527762
1528098
1528172
1528308
1528393
1528557
1528749
1528760
1529113
1529485
1530185
1530425
1530766
1530796
1530874
1531266
1531537
1532079
1532158
1532286
1532288
1532383
1532390
1532543
1532595
1532700
1532750
1532828
1532981
1533040
1533311
1533527
1533615
1533743
1533924
1533998
1534120
1534248
1534287
1534525
1534675
1534708
1535955
1537118
1537258
1537293
1537511
1537561
1537917
1538217
1538329
1538928
1539029
1539042
1539574
1539680
1539850
1540159
1540160
1540237
1540615
1540684
1540729
1540771
1541157
1542013
1542261
1542918
1543098
1543268
1543272
1543418
1543605
1543739
1544238
1545224
1545236
1546296
1546383
1546589
1546679
1546853
1547015
1547521
1547638
1547716
1547996
1548187
1548281
1548309
1548691
1549084
1549145
1549756
1550737
1551693
1551906
1551986
1552448
1552670
1552979
1553404
1553467
1553643
1554594
1554818
1554859
1554875
1554906
1554923
1554947
1555177
1555560
1556226
1556266
1556508
1556753
1556801
1557142
1557376
1557421
1557644
1557798
1557883
1558432
1558583
1559356
1560186
1560241
1560258
1561180
1561551
1561622
1561686
1561865
1561921
1562107
1562201
1562214
1562733
1562738
1562767
1563004
1563298
1563463
1563568
1563665
1563855
1563880
1565220
1565228
1566049
1566610
1566717
1566826
1567098
1567388
1567503
1567514
1567771
1567900
1568079
1568385
1569329
1570562
1571088
1571636
1572386
1572699
1573166
1574186
1574235
1574969
1575360
1575599
1575793
1575858
1575969
1575988
1576197
1578453
1579157
1579252
1579717
1579823
1579910
1580264
1580883
1581280
1581312
1581378
1581545
1581607
1581804
1581889
1581987
1582054
1582554
1582581
1582589
1582636
1582982
1583138
1583513
1583648
1583771
1584584
1584754
1584952
1585583
1585608
1586105
1586300
1587221
1588869
1588972
1589526
1590383
1590418
1590565
1590695
1590715
1590750
1590930
1591096
1591476
1591956
1592052
1594337
1594590
1595097
1595140
1595248
1595353
1595585
1596812
1596946
1596961
1597313
1597426
1597659
1597846
1598646
1598696
1598924
1599012
1599738
1599947
1600620
1600847
1601485
1602294
1602706
1603207
1603210
1603793
1603961
1603969
1603978
1604191
1604416
1604627
1604924
1605331
1605810
1605888
1605931
1605997
1606163
1606180
1607245
1607678
1607741
1607962
1608298
1608390
1609727
1609809
1610590
1610618
1610820
1610853
1611277
1611746
1611842
1611852
1612042
1612720
1613092
1613723
1613780
1613895
1614067
1614723
1614744
1614818
1614824
1615063
1615153
1615165
1615892
1616212
1616543
1618500
1618835
1619087
1619227
1619250
1619551
1620179
1620280
1620702
1620983
1621221
1621672
1621697
1621832
1622175
1622229
1622345
1622577
1622867
1622996
1623590
1623595
1624326
1624512
1624658
1625101
1626745
1627482
1627811
1628871
1629210
1629220
1629261
1629489
1629665
1630212
1630805
1630940
1630970
1631282
1633932
1635282
1635748
1636050
1637736
1638097
1638287
1638381
1638851
1639241
1639669
1639877
1640384
1641129
1641197
1641398
1641489
1641631
1641640
1641751
1642195
1642271
1642375
1642453
1642545
1643303
1643918
1643953
1644509
1644963
1645460
1647088
1647338
1649904
1649989
1650101
1650445
1650505
1650575
1651407
1651561
1651944
1651958
1652362
1652499
1652561
1652842
1652866
1653136
1653247
1653558
1654672
1656472
1656589
1656634
1659122
1659323
1659617
1660484
1661053
1661181
1661920
1662253
1662684
1664038
1664106
1664127
1664180
1665300
1668243
1668370
1669812
1670349
1671502
1671584
1671854
1672326
1672619
1672750
1673431
1673475
1673481
1674227
1674657
1675634
1676047
1677940
1679082
1679426
1679817
1680048
1680378
1680581
1680873
1681682
1681769
1681941
1682149
1682325
1682639
1683252
1683695
1684144
1684425
1684693
1685071
1685237
1685462
1686850
1687542
1688470
1688667
1688757
1688765
1689813
1690080
1690585
1690769
1691077
1691221
1691936
1692412
1692415
1693415
1693664
1694187
1694617
1694665
1696396
1697532
1698113
1698209
1698514
1698530
1698990
1698991
1699683
1699759
1701108
1701541
1701756
1701821
1702924
1703038
1703497
1703785
1704760
1705402
1705696
1705771
1706509
1707502
1708176
1708410
1708493
1708599
1709768
1710340
1711279
1711754
1711786
1712463
1713832
1714280
1715497
1716621
1716726
1717961
1718405
1719406
1719893
1720025
1720201
1720353
1720592
1720893
1720990
1721386
1723069
1723580
1723648
1724344
1725134
1725332
1725872
1726293
1726711
1727196
1728041
1728416
1729427
1729756
1729944
1731176
1731289
1731831
1731911
1734768
1735828
1735858
1737372
1739566
1739614
1740547
1741231
1742927
1743725
1743858
1744494
1744895
1745317
1746037
1746466
1748621
1750153
1751143
1751299
1752474
1752828
1753483
1753539
1753648
1753673
1754170
1754820
1754824
1755237
1755953
1757715
1757932
1758021
1759008
1759546
1759631
1760173
1760689
1761369
1762322
1764711
1765826
1766600
1767043
1768012
1768224
1768225
1769624
1770251
1771928
1772028
1783183
1785173
1787306
1790368
